1105920
2
2211840
80732174
6.2686e+09
1105920
2
2211840
67461069
3.38775e+09
1105920
2
2211840
68566992
3.58744e+09
1105920
2
2211840
69672916
3.78714e+09
1105920
2
2211840
69672920
3.98683e+09
1105920
2
2211840
70778845
4.18652e+09
1105920
2
2211840
71884769
4.34889e+09
1105920
2
2211840
72990694
4.54859e+09
1105920
2
2211840
74096618
4.74828e+09
1105920
2
2211840
74096623
4.94797e+09
1105920
2
2211840
75202547
5.14766e+09
1105920
2
2211840
76308472
5.31003e+09
1105920
2
2211840
77414396
5.50973e+09
1105920
2
2211840
78520321
5.70942e+09
1105920
2
2211840
78520325
5.90911e+09
1105920
2
2211840
79626250
6.10881e+09
1105920
3
3317760
144875519
9.39672e+09
1105920
3
3317760
118333348
6.51588e+09
1105920
3
3317760
120545191
6.71557e+09
1105920
3
3317760
122757036
6.91526e+09
1105920
3
3317760
122757043
7.11496e+09
1105920
3
3317760
124968890
7.31465e+09
1105920
3
3317760
127180735
7.47702e+09
1105920
3
3317760
129392582
7.67671e+09
1105920
3
3317760
131604428
7.8764e+09
1105920
3
3317760
131604436
8.0761e+09
1105920
3
3317760
133816281
8.27579e+09
1105920
3
3317760
136028128
8.43816e+09
1105920
3
3317760
138239974
8.63785e+09
1105920
3
3317760
140451820
8.83754e+09
1105920
3
3317760
140451827
9.03724e+09
1105920
3
3317760
142663674
9.23693e+09
1105920
4
4423680
209018864
1.25248e+10
1105920
4
4423680
169205627
9.644e+09
1105920
4
4423680
172523390
9.84369e+09
1105920
4
4423680
175841156
1.00434e+10
1105920
4
4423680
175841166
1.02431e+10
1105920
4
4423680
179158935
1.04428e+10
1105920
4
4423680
182476701
1.06051e+10
1105920
4
4423680
185794470
1.08048e+10
1105920
4
4423680
189112238
1.10045e+10
1105920
4
4423680
189112249
1.12042e+10
1105920
4
4423680
192430015
1.14039e+10
1105920
4
4423680
195747784
1.15663e+10
1105920
4
4423680
199065552
1.1766e+10
1105920
4
4423680
202383319
1.19657e+10
1105920
4
4423680
202383329
1.21654e+10
1105920
4
4423680
205701098
1.23651e+10
1105920
5
5529600
273162209
1.5653e+10
1105920
5
5529600
220077906
1.27721e+10
1105920
5
5529600
224501589
1.29718e+10
1105920
5
5529600
228925276
1.31715e+10
1105920
5
5529600
228925289
1.33712e+10
1105920
5
5529600
233348980
1.35709e+10
1105920
5
5529600
237772667
1.37333e+10
1105920
5
5529600
242196358
1.3933e+10
1105920
5
5529600
246620048
1.41327e+10
1105920
5
5529600
246620062
1.43323e+10
1105920
5
5529600
251043749
1.4532e+10
1105920
5
5529600
255467440
1.46944e+10
1105920
5
5529600
259891130
1.48941e+10
1105920
5
5529600
264314818
1.50938e+10
1105920
5
5529600
264314831
1.52935e+10
1105920
5
5529600
268738522
1.54932e+10
1105920
6
6635520
337305554
1.87811e+10
1105920
6
6635520
270950185
1.59002e+10
1105920
6
6635520
276479788
1.60999e+10
1105920
6
6635520
282009396
1.62996e+10
1105920
6
6635520
282009412
1.64993e+10
1105920
6
6635520
287539025
1.6699e+10
1105920
6
6635520
293068633
1.68614e+10
1105920
6
6635520
298598246
1.70611e+10
1105920
6
6635520
304127858
1.72608e+10
1105920
6
6635520
304127875
1.74605e+10
1105920
6
6635520
309657483
1.76602e+10
1105920
6
6635520
315187096
1.78225e+10
1105920
6
6635520
320716708
1.80222e+10
1105920
6
6635520
326246317
1.82219e+10
1105920
6
6635520
326246333
1.84216e+10
1105920
6
6635520
331775946
1.86213e+10
1105920
7
7741440
401448899
2.19092e+10
1105920
7
7741440
321822464
1.90284e+10
1105920
7
7741440
328457987
1.92281e+10
1105920
7
7741440
335093516
1.94278e+10
1105920
7
7741440
335093535
1.96275e+10
1105920
7
7741440
341729070
1.98271e+10
1105920
7
7741440
348364599
1.99895e+10
1105920
7
7741440
355000134
2.01892e+10
1105920
7
7741440
361635668
2.03889e+10
1105920
7
7741440
361635688
2.05886e+10
1105920
7
7741440
368271217
2.07883e+10
1105920
7
7741440
374906752
2.09507e+10
1105920
7
7741440
381542286
2.11503e+10
1105920
7
7741440
388177816
2.135e+10
1105920
7
7741440
388177835
2.15497e+10
1105920
7
7741440
394813370
2.17494e+10
1105920
8
8847360
465592244
2.50373e+10
1105920
8
8847360
372694743
2.21565e+10
1105920
8
8847360
380436186
2.23562e+10
1105920
8
8847360
388177636
2.25559e+10
1105920
8
8847360
388177658
2.27556e+10
1105920
8
8847360
395919115
2.29553e+10
1105920
8
8847360
403660565
2.31176e+10
1105920
8
8847360
411402022
2.33173e+10
1105920
8
8847360
419143478
2.3517e+10
1105920
8
8847360
419143501
2.37167e+10
1105920
8
8847360
426884951
2.39164e+10
1105920
8
8847360
434626408
2.40788e+10
1105920
8
8847360
442367864
2.42785e+10
1105920
8
8847360
450109315
2.44782e+10
1105920
8
8847360
450109337
2.46779e+10
1105920
8
8847360
457850794
2.48776e+10
1105920
9
9953280
529735589
2.81655e+10
1105920
9
9953280
423567022
2.52846e+10
1105920
9
9953280
432414385
2.54843e+10
1105920
9
9953280
441261756
2.5684e+10
1105920
9
9953280
441261781
2.58837e+10
1105920
9
9953280
450109160
2.60834e+10
1105920
9
9953280
458956531
2.62458e+10
1105920
9
9953280
467803910
2.64455e+10
1105920
9
9953280
476651288
2.66451e+10
1105920
9
9953280
476651314
2.68448e+10
1105920
9
9953280
485498685
2.70445e+10
1105920
9
9953280
494346064
2.72069e+10
1105920
9
9953280
503193442
2.74066e+10
1105920
9
9953280
512040814
2.76063e+10
1105920
9
9953280
512040839
2.7806e+10
1105920
9
9953280
520888218
2.80057e+10
1105920
10
11059200
593878934
3.12936e+10
1105920
10
11059200
474439301
2.84127e+10
1105920
10
11059200
484392584
2.86124e+10
1105920
10
11059200
494345876
2.88121e+10
1105920
10
11059200
494345904
2.90118e+10
1105920
10
11059200
504299205
2.92115e+10
1105920
10
11059200
514252497
2.93739e+10
1105920
10
11059200
524205798
2.95736e+10
1105920
10
11059200
534159098
2.97733e+10
1105920
10
11059200
534159127
2.9973e+10
1105920
10
11059200
544112419
3.01727e+10
1105920
10
11059200
554065720
3.0335e+10
1105920
10
11059200
564019020
3.05347e+10
1105920
10
11059200
573972313
3.07344e+10
1105920
10
11059200
573972341
3.09341e+10
1105920
10
11059200
583925642
3.11338e+10
1105920
11
12165120
658022279
3.44217e+10
1105920
11
12165120
525311580
3.15409e+10
1105920
11
12165120
536370783
3.17406e+10
1105920
11
12165120
547429996
3.19403e+10
1105920
11
12165120
547430027
3.21399e+10
1105920
11
12165120
558489250
3.23396e+10
1105920
11
12165120
569548463
3.2502e+10
1105920
11
12165120
580607686
3.27017e+10
1105920
11
12165120
591666908
3.29014e+10
1105920
11
12165120
591666940
3.31011e+10
1105920
11
12165120
602726153
3.33008e+10
1105920
11
12165120
613785376
3.34632e+10
1105920
11
12165120
624844598
3.36628e+10
1105920
11
12165120
635903812
3.38625e+10
1105920
11
12165120
635903843
3.40622e+10
1105920
11
12165120
646963066
3.42619e+10
1105920
12
13271040
722165624
3.75498e+10
1105920
12
13271040
576183859
3.4669e+10
1105920
12
13271040
588348982
3.48687e+10
1105920
12
13271040
600514116
3.50684e+10
1105920
12
13271040
600514150
3.52681e+10
1105920
12
13271040
612679295
3.54678e+10
1105920
12
13271040
624844429
3.56301e+10
1105920
12
13271040
637009574
3.58298e+10
1105920
12
13271040
649174718
3.60295e+10
1105920
12
13271040
649174753
3.62292e+10
1105920
12
13271040
661339887
3.64289e+10
1105920
12
13271040
673505032
3.65913e+10
1105920
12
13271040
685670176
3.6791e+10
1105920
12
13271040
697835311
3.69907e+10
1105920
12
13271040
697835345
3.71904e+10
1105920
12
13271040
710000490
3.739e+10
1105920
13
14376960
786308969
4.0678e+10
1105920
13
14376960
627056138
3.77971e+10
1105920
13
14376960
640327181
3.79968e+10
1105920
13
14376960
653598236
3.81965e+10
1105920
13
14376960
653598273
3.83962e+10
1105920
13
14376960
666869340
3.85959e+10
1105920
13
14376960
680140395
3.87583e+10
1105920
13
14376960
693411462
3.8958e+10
1105920
13
14376960
706682528
3.91576e+10
1105920
13
14376960
706682566
3.93573e+10
1105920
13
14376960
719953621
3.9557e+10
1105920
13
14376960
733224688
3.97194e+10
1105920
13
14376960
746495754
3.99191e+10
1105920
13
14376960
759766810
4.01188e+10
1105920
13
14376960
759766847
4.03185e+10
1105920
13
14376960
773037914
4.05182e+10
1105920
14
15482880
850452314
4.38061e+10
